TOP20260404085833
001488012026030180300000000030.00
001650392026030180300000000030.00
001638882026030180300000000030.00
002177172026030180300000000030.00
002329352026030180300000000030.00
001602472026030180300000000030.00
001201782026030180300000000030.00
001463192026030180300000000030.00
002339612026030180300000000030.00
001200412026030180300000000030.00
002214962026030180300000000030.00
002179612026030180300000000030.00
002109192026030180300000000030.00
001666922026030180300000000030.00
001208372026030180300000000030.00
002288632026030180300000000030.00
002204892026030180300000000030.00
001202532026030180300000000030.00
002305402026030180300000000030.00
001202302026030180300000000030.00
002234432026030180300000000030.00
002320422026030180300000000030.00
002339362026030180300000000030.00
001463212026030180300000000030.00
002317602026030180300000000030.00
001203412026030180300000000030.00
002184072026030180300000000030.00
002121352026030180300000000030.00
002058142026030180300000000030.00
001651622026030180300000000030.00
001204472026030180300000000030.00
002317522026030180300000000030.00
002197012026030180300000000030.00
002308102026030180300000000030.00
001205152026030180300000000030.00
001205142026030180300000000030.00
002223042026030180300000000030.00
001511172026030180300000000030.00
002081562026030180300000000030.00
001205752026030180300000000030.00
002222522026030180300000000030.00
002193132026030180300000000030.00
002091072026030180300000000030.00
001480852026030180300000000030.00
002140782026030180300000000030.00
001206952026030180300000000030.00
001206832026030180300000000030.00
002276642026030180300000000030.00
001655592026030180300000000030.00
002082642026030180300000000030.00
001208282026030180300000000030.00
002174822026030180300000000030.00
002073842026030180300000000030.00
002067512026030180300000000030.00
002325102026030180300000000030.00
001209292026030180300000000030.00
001209622026030180300000000030.00
001618682026030180300000000030.00
001209832026030180300000000030.00
001210222026030180300000000030.00
002284062026030180300000000030.00
002389372026030180300000000030.00
002386902026030180300000000030.00
002016132026030180300000000030.00
001210812026030180300000000030.00
002237552026030180300000000030.00
002089622026030180300000000030.00
002172392026030180300000000030.00
002208622026030180300000000030.00
001602482026030180300000000030.00
001660962026030180300000000030.00
002172492026030180300000000030.00
001614142026030180300000000030.00
002248432026030180300000000030.00
002335172026030180300000000030.00
001212512026030180300000000030.00
001212852026030180300000000030.00
001655402026030180300000000030.00
002058662026030180300000000030.00
002192232026030180300000000030.00
001213162026030180300000000030.00
002345142026030180300000000030.00
001213432026030180300000000030.00
002333722026030180300000000030.00
002224232026030180300000000030.00
002085272026030180300000000030.00
002165372026030180300000000030.00
002247792026030180300000000030.00
002036892026030180300000000030.00
001214622026030180300000000030.00
002206362026030180300000000030.00
002219372026030180300000000030.00
002014142026030180300000000030.00
002274412026030180300000000030.00
002334722026030180300000000030.00
001655692026030180300000000030.00
001215012026030180300000000030.00
002066142026030180300000000030.00
001215242026030180300000000030.00
002318112026030180300000000030.00
002229362026030180300000000030.00
002034752026030180300000000030.00
002050292026030180300000000030.00
001671392026030180300000000030.00
002325152026030180300000000030.00
002197892026030180300000000030.00
001479032026030180300000000030.00
001217222026030180300000000030.00
002221822026030180300000000030.00
002111192026030180300000000030.00
001218182026030180300000000030.00
001218402026030180300000000030.00
002335772026030180300000000030.00
001218762026030180300000000030.00
001218672026030180300000000030.00
001218912026030180300000000030.00
002236782026030180300000000030.00
002069582026030180300000000030.00
001219282026030180300000000030.00
002115122026030180300000000030.00
001219332026030180300000000030.00
002052082026030180300000000030.00
002102292026030180300000000030.00
001220162026030180300000000030.00
002284122026030180300000000030.00
001221432026030180300000000030.00
002307042026030180300000000030.00
001221852026030180300000000030.00
002070162026030180300000000030.00
002155042026030180300000000030.00
002223682026030180300000000030.00
002223072026030180300000000030.00
002339802026030180300000000030.00
002074052026030180300000000030.00
001222702026030180300000000030.00
001222632026030180300000000030.00
002207042026030180300000000030.00
001661492026030180300000000030.00
001222952026030180300000000030.00
002080222026030180300000000030.00
001663372026030180300000000030.00
002369562026030180300000000030.00
001602942026030180300000000030.00
001144812026030180300000000030.00
001179592026030180300000000030.00
002293122026030180300000000030.00
002272202026030180300000000030.00
001223962026030180300000000030.00
002179582026030180300000000030.00
002078932026030180300000000030.00
002179632026030180300000000030.00
002021352026030180300000000030.00
002084972026030180300000000030.00
002341952026030180300000000030.00
001632052026030180300000000030.00
001225952026030180300000000030.00
002222532026030180300000000030.00
002241812026030180300000000030.00
002315012026030180300000000030.00
002273672026030180300000000030.00
001226732026030180300000000030.00
002138142026030180300000000030.00
001227072026030180300000000030.00
002168082026030180300000000030.00
002225022026030180300000000030.00
002080952026030180300000000030.00
001227482026030180300000000030.00
002084322026030180300000000030.00
001228192026030180300000000030.00
001228162026030180300000000030.00
002179642026030180300000000030.00
002245382026030180300000000030.00
002250512026030180300000000030.00
002319002026030180300000000030.00
002177232026030180300000000030.00
002197872026030180300000000030.00
002343232026030180300000000030.00
002184062026030180300000000030.00
002074182026030180300000000030.00
001633972026030180300000000030.00
002058572026030180300000000030.00
002246272026030180300000000030.00
002324832026030180300000000030.00
001229272026030180300000000030.00
002232432026030180300000000030.00
001229522026030180300000000030.00
001661962026030180300000000030.00
002223702026030180300000000030.00
001229862026030180300000000030.00
001649762026030180300000000030.00
001633542026030180300000000030.00
002284222026030180300000000030.00
002316582026030180300000000030.00
001230382026030180300000000030.00
002339342026030180300000000030.00
002343242026030180300000000030.00
001230732026030180300000000030.00
002322562026030180300000000030.00
002119502026030180300000000030.00
001231302026030180300000000030.00
001231682026030180300000000030.00
001180302026030180300000000030.00
001495072026030180300000000030.00
002163252026030180300000000030.00
002285862026030180300000000030.00
001232802026030180300000000030.00
001232762026030180300000000030.00
001632082026030180300000000030.00
001232712026030180300000000030.00
002237792026030180300000000030.00
002289022026030180300000000030.00
002223642026030180300000000030.00
002311062026030180300000000030.00
002305302026030180300000000030.00
002328142026030180300000000030.00
001233892026030180300000000030.00
002203802026030180300000000030.00
001234232026030180300000000030.00
002213632026030180300000000030.00
001234352026030180300000000030.00
001234632026030180300000000030.00
002198792026030180300000000030.00
001234942026030180300000000030.00
002081882026030180300000000030.00
002319272026030180300000000030.00
002242922026030180300000000030.00
002226312026030180300000000030.00
001235912026030180300000000030.00
002262162026030180300000000030.00
002026542026030180300000000030.00
001235942026030180300000000030.00
001236402026030180300000000030.00
001236302026030180300000000030.00
002197032026030180300000000030.00
001236702026030180300000000030.00
001236762026030180300000000030.00
001500712026030180300000000030.00
002370172026030180300000000030.00
002246342026030180300000000030.00
001237532026030180300000000030.00
002207052026030180300000000030.00
002223982026030180300000000030.00
002364002026030180300000000030.00
002115872026030180300000000030.00
002283692026030180300000000030.00
001480892026030180300000000030.00
001366972026030180300000000030.00
001238302026030180300000000030.00
001238312026030180300000000030.00
002225082026030180300000000030.00
002284052026030180300000000030.00
001239442026030180300000000030.00
001660422026030180300000000030.00
002340032026030180300000000030.00
001468492026030180300000000030.00
002221692026030180300000000030.00
002074822026030180300000000030.00
001659032026030180300000000030.00
001240942026030180300000000030.00
001241112026030180300000000030.00
002344522026030180300000000030.00
001635452026030180300000000030.00
002121312026030180300000000030.00
001242782026030180300000000030.00
001242812026030180300000000030.00
001481002026030180300000000030.00
002223452026030180300000000030.00
002320452026030180300000000030.00
001243592026030180300000000030.00
001243502026030180300000000030.00
001243612026030180300000000030.00
001243602026030180300000000030.00
002157802026030180300000000030.00
001244462026030180300000000030.00
002165102026030180300000000030.00
001244902026030180300000000030.00
001244782026030180300000000030.00
001245322026030180300000000030.00
001245842026030180300000000030.00
001245962026030180300000000030.00
002165412026030180300000000030.00
002176502026030180300000000030.00
002321682026030180300000000030.00
001245812026030180300000000030.00
002250672026030180300000000030.00
001246942026030180300000000030.00
002319392026030180300000000030.00
002332782026030180300000000030.00
002311072026030180300000000030.00
002058202026030180300000000030.00
002369912026030180300000000030.00
002171892026030180300000000030.00
002184992026030180300000000030.00
002090712026030180300000000030.00
002081952026030180300000000030.00
002292312026030180300000000030.00
002324912026030180300000000030.00
002076512026030180300000000030.00
001249372026030180300000000030.00
002243252026030180300000000030.00
002247302026030180300000000030.00
002115162026030180300000000030.00
001250222026030180300000000030.00
002284612026030180300000000030.00
002318222026030180300000000030.00
002344782026030180300000000030.00
002156692026030180300000000030.00
001252322026030180300000000030.00
001251432026030180300000000030.00
001251442026030180300000000030.00
001251912026030180300000000030.00
001602552026030180300000000030.00
002326642026030180300000000030.00
002285922026030180300000000030.00
001252872026030180300000000030.00
002321242026030180300000000030.00
001255272026030180300000000030.00
001255532026030180300000000030.00
002203332026030180300000000030.00
001254182026030180300000000030.00
002151352026030180300000000030.00
002292282026030180300000000030.00
002219312026030180300000000030.00
002341302026030180300000000030.00
002246502026030180300000000030.00
002097942026030180300000000030.00
002342742026030180300000000030.00
002160182026030180300000000030.00
001255982026030180300000000030.00
002087302026030180300000000030.00
001650102026030180300000000030.00
002372272026030180300000000030.00
001257632026030180300000000030.00
002337332026030180300000000030.00
002219512026030180300000000030.00
001256772026030180300000000030.00
001654312026030180300000000030.00
002147162026030180300000000030.00
002238702026030180300000000030.00
001257672026030180300000000030.00
001257362026030180300000000030.00
001257532026030180300000000030.00
002196242026030180300000000030.00
001609372026030180300000000030.00
002306692026030180300000000030.00
002341332026030180300000000030.00
002165012026030180300000000030.00
001258542026030180300000000030.00
001618822026030180300000000030.00
001258512026030180300000000030.00
002171882026030180300000000030.00
002203302026030180300000000030.00
002213602026030180300000000030.00
001259402026030180300000000030.00
002190642026030180300000000030.00
002069752026030180300000000030.00
002306242026030180300000000030.00
002229952026030180300000000030.00
002067112026030180300000000030.00
002084422026030180300000000030.00
001260012026030180300000000030.00
002342752026030180300000000030.00
002013432026030180300000000030.00
002165072026030180300000000030.00
002100962026030180300000000030.00
002156652026030180300000000030.00
002174012026030180300000000030.00
002002972026030180300000000030.00
002115112026030180300000000030.00
001261312026030180300000000030.00
001261302026030180300000000030.00
002243262026030180300000000030.00
002246332026030180300000000030.00
001261622026030180300000000030.00
002174792026030180300000000030.00
001261812026030180300000000030.00
002291232026030180300000000030.00
001262032026030180300000000030.00
002244602026030180300000000030.00
002207632026030180300000000030.00
002244652026030180300000000030.00
001263332026030180300000000030.00
002218942026030180300000000030.00
002291932026030180300000000030.00
001263742026030180300000000030.00
002244312026030180300000000030.00
002213312026030180300000000030.00
002230682026030180300000000030.00
002230762026030180300000000030.00
002306292026030180300000000030.00
001264942026030180300000000030.00
002319662026030180300000000030.00
002121342026030180300000000030.00
001265352026030180300000000030.00
002224542026030180300000000030.00
002039182026030180300000000030.00
002016162026030180300000000030.00
001265952026030180300000000030.00
002219792026030180300000000030.00
002176672026030180300000000030.00
001266292026030180300000000030.00
001266312026030180300000000030.00
001266672026030180300000000030.00
002066082026030180300000000030.00
001657212026030180300000000030.00
002261232026030180300000000030.00
002199502026030180300000000030.00
002069742026030180300000000030.00
002199032026030180300000000030.00
002126022026030180300000000030.00
001267772026030180300000000030.00
001268202026030180300000000030.00
002066952026030180300000000030.00
002351872026030180300000000030.00
001269292026030180300000000030.00
001269422026030180300000000030.00
002257302026030180300000000030.00
001269362026030180300000000030.00
001647032026030180300000000030.00
002305422026030180300000000030.00
002202692026030180300000000030.00
002082742026030180300000000030.00
001271392026030180300000000030.00
002311212026030180300000000030.00
001272092026030180300000000030.00
002164352026030180300000000030.00
002222512026030180300000000030.00
002233052026030180300000000030.00
002111222026030180300000000030.00
002039902026030180300000000030.00
001636442026030180300000000030.00
001273682026030180300000000030.00
001273662026030180300000000030.00
002078522026030180300000000030.00
002066382026030180300000000030.00
002303982026030180300000000030.00
001480902026030180300000000030.00
002196312026030180300000000030.00
001275052026030180300000000030.00
002290692026030180300000000030.00
002301962026030180300000000030.00
002329762026030180300000000030.00
002238132026030180300000000030.00
001275722026030180300000000030.00
001275782026030180300000000030.00
002180762026030180300000000030.00
002337072026030180300000000030.00
001275802026030180300000000030.00
002061652026030180300000000030.00
001275812026030180300000000030.00
002337212026030180300000000030.00
002195502026030180300000000030.00
002196062026030180300000000030.00
001277092026030180300000000030.00
001277082026030180300000000030.00
001277742026030180300000000030.00
002229382026030180300000000030.00
001666412026030180300000000030.00
002134522026030180300000000030.00
002307002026030180300000000030.00
002013702026030180300000000030.00
001278412026030180300000000030.00
001278602026030180300000000030.00
001468292026030180300000000030.00
001650892026030180300000000030.00
002329702026030180300000000030.00
002014012026030180300000000030.00
002071512026030180300000000030.00
002223112026030180300000000030.00
002082462026030180300000000030.00
001279712026030180300000000030.00
001511402026030180300000000030.00
002338272026030180300000000030.00
002242332026030180300000000030.00
002337012026030180300000000030.00
002126572026030180300000000030.00
002207022026030180300000000030.00
002224422026030180300000000030.00
001281332026030180300000000030.00
002245462026030180300000000030.00
002321542026030180300000000030.00
001281352026030180300000000030.00
002037412026030180300000000030.00
002232212026030180300000000030.00
002321742026030180300000000030.00
002226722026030180300000000030.00
002104902026030180300000000030.00
001282752026030180300000000030.00
001651642026030180300000000030.00
001657262026030180300000000030.00
001283502026030180300000000030.00
002193192026030180300000000030.00
002031732026030180300000000030.00
002260172026030180300000000030.00
002184042026030180300000000030.00
002279252026030180300000000030.00
001284842026030180300000000030.00
002067462026030180300000000030.00
002173912026030180300000000030.00
001285352026030180300000000030.00
001285362026030180300000000030.00
001654522026030180300000000030.00
001511472026030180300000000030.00
001285252026030180300000000030.00
001285322026030180300000000030.00
001650022026030180300000000030.00
002198032026030180300000000030.00
001285832026030180300000000030.00
001285862026030180300000000030.00
001285942026030180300000000030.00
002073132026030180300000000030.00
002135532026030180300000000030.00
002135652026030180300000000030.00
002226222026030180300000000030.00
001652412026030180300000000030.00
002244492026030180300000000030.00
001286342026030180300000000030.00
001286592026030180300000000030.00
001286552026030180300000000030.00
001286632026030180300000000030.00
002069562026030180300000000030.00
002089732026030180300000000030.00
002133732026030180300000000030.00
002136122026030180300000000030.00
001286962026030180300000000030.00
002296012026030180300000000030.00
002039122026030180300000000030.00
001287222026030180300000000030.00
001287482026030180300000000030.00
001288072026030180300000000030.00
001624792026030180300000000030.00
002246982026030180300000000030.00
002274762026030180300000000030.00
001608932026030180300000000030.00
001651032026030180300000000030.00
002186572026030180300000000030.00
002284272026030180300000000030.00
001290142026030180300000000030.00
001289662026030180300000000030.00
002342822026030180300000000030.00
001290412026030180300000000030.00
002248692026030180300000000030.00
002284722026030180300000000030.00
002192362026030180300000000030.00
002319252026030180300000000030.00
002275962026030180300000000030.00
002306582026030180300000000030.00
002213512026030180300000000030.00
002338372026030180300000000030.00
001494452026030180300000000030.00
002335802026030180300000000030.00
001660602026030180300000000030.00
002318642026030180300000000030.00
001292762026030180300000000030.00
001292732026030180300000000030.00
002228082026030180300000000030.00
001293242026030180300000000030.00
002263482026030180300000000030.00
002278922026030180300000000030.00
002326302026030180300000000030.00
001182392026030180300000000030.00
002277152026030180300000000030.00
002219272026030180300000000030.00
002225122026030180300000000030.00
002250962026030180300000000030.00
002341472026030180300000000030.00
002298772026030180300000000030.00
002291642026030180300000000030.00
002011052026030180300000000030.00
001296922026030180300000000030.00
002198822026030180300000000030.00
002191072026030180300000000030.00
002243242026030180300000000030.00
001295632026030180300000000030.00
001295782026030180300000000030.00
002135662026030180300000000030.00
001296892026030180300000000030.00
002088462026030180300000000030.00
002189782026030180300000000030.00
002184032026030180300000000030.00
002082652026030180300000000030.00
002337402026030180300000000030.00
002119402026030180300000000030.00
001297542026030180300000000030.00
002294982026030180300000000030.00
002165422026030180300000000030.00
002339392026030180300000000030.00
001463952026030180300000000030.00
002207062026030180300000000030.00
002101272026030180300000000030.00
001299652026030180300000000030.00
002308132026030180300000000030.00
001299942026030180300000000030.00
002323022026030180300000000030.00
002176302026030180300000000030.00
001300232026030180300000000030.00
002016042026030180300000000030.00
001300452026030180300000000030.00
001300472026030180300000000030.00
001300822026030180300000000030.00
002215182026030180300000000030.00
002218762026030180300000000030.00
002305352026030180300000000030.00
001301122026030180300000000030.00
002246382026030180300000000030.00
001301362026030180300000000030.00
002066052026030180300000000030.00
001511482026030180300000000030.00
002274482026030180300000000030.00
001301952026030180300000000030.00
001635332026030180300000000030.00
001302382026030180300000000030.00
001302592026030180300000000030.00
002193202026030180300000000030.00
001302612026030180300000000030.00
001302792026030180300000000030.00
001303102026030180300000000030.00
001303252026030180300000000030.00
001186252026030180300000000030.00
001303382026030180300000000030.00
002246482026030180300000000030.00
002318312026030180300000000030.00
002207072026030180300000000030.00
002351842026030180300000000030.00
001303912026030180300000000030.00
001660432026030180300000000030.00
001304222026030180300000000030.00
002312112026030180300000000030.00
002068132026030180300000000030.00
002081672026030180300000000030.00
001304552026030180300000000030.00
002272342026030180300000000030.00
002385452026030180300000000030.00
002305232026030180300000000030.00
002195312026030180300000000030.00
002325802026030180300000000030.00
002238172026030180300000000030.00
002310752026030180300000000030.00
002229262026030180300000000030.00
001502602026030180300000000030.00
001306072026030180300000000030.00
001306582026030180300000000030.00
001306622026030180300000000030.00
002337192026030180300000000030.00
001307212026030180300000000030.00
001307202026030180300000000030.00
001603242026030180300000000030.00
002306232026030180300000000030.00
002015842026030180300000000030.00
002326672026030180300000000030.00
002318322026030180300000000030.00
002331602026030180300000000030.00
002364352026030180300000000030.00
002090352026030180300000000030.00
002249692026030180300000000030.00
001309432026030180300000000030.00
002207092026030180300000000030.00
002300622026030180300000000030.00
002306212026030180300000000030.00
002324592026030180300000000030.00
001309632026030180300000000030.00
002321222026030180300000000030.00
002204872026030180300000000030.00
002026512026030180300000000030.00
002205082026030180300000000030.00
001309982026030180300000000030.00
001655642026030180300000000030.00
002147932026030180300000000030.00
002069442026030180300000000030.00
001310402026030180300000000030.00
002130582026030180300000000030.00
001310562026030180300000000030.00
001310592026030180300000000030.00
002021482026030180300000000030.00
002266992026030180300000000030.00
002013042026030180300000000030.00
001311062026030180300000000030.00
001311052026030180300000000030.00
002193222026030180300000000030.00
002213942026030180300000000030.00
001311362026030180300000000030.00
001311372026030180300000000030.00
001311532026030180300000000030.00
001311592026030180300000000030.00
001311562026030180300000000030.00
002228922026030180300000000030.00
002179282026030180300000000030.00
001311802026030180300000000030.00
002189482026030180300000000030.00
002255172026030180300000000030.00
001312142026030180300000000030.00
002066502026030180300000000030.00
002327332026030180300000000030.00
001313392026030180300000000030.00
002222612026030180300000000030.00
002266132026030180300000000030.00
002076522026030180300000000030.00
001313372026030180300000000030.00
002126612026030180300000000030.00
002147132026030180300000000030.00
002079462026030180300000000030.00
002305312026030180300000000030.00
002022112026030180300000000030.00
001314532026030180300000000030.00
002017532026030180300000000030.00
001314982026030180300000000030.00
002258952026030180300000000030.00
001315012026030180300000000030.00
001315742026030180300000000030.00
002072502026030180300000000030.00
002322592026030180300000000030.00
002074012026030180300000000030.00
001646502026030180300000000030.00
002343572026030180300000000030.00
001662202026030180300000000030.00
002265312026030180300000000030.00
002158812026030180300000000030.00
001317012026030180300000000030.00
001317172026030180300000000030.00
002271622026030180300000000030.00
002112912026030180300000000030.00
002081722026030180300000000030.00
001317502026030180300000000030.00
001317652026030180300000000030.00
002118002026030180300000000030.00
001318062026030180300000000030.00
001632102026030180300000000030.00
002248952026030180300000000030.00
002080052026030180300000000030.00
002165442026030180300000000030.00
002260042026030180300000000030.00
001156552026030180300000000030.00
002188952026030180300000000030.00
002098572026030180300000000030.00
001509972026030180300000000030.00
001636922026030180300000000030.00
002259702026030180300000000030.00
001319452026030180300000000030.00
001637242026030180300000000030.00
001319402026030180300000000030.00
002207952026030180300000000030.00
001319952026030180300000000030.00
002339382026030180300000000030.00
002223582026030180300000000030.00
001320852026030180300000000030.00
001636452026030180300000000030.00
002111102026030180300000000030.00
001320942026030180300000000030.00
002289302026030180300000000030.00
001321232026030180300000000030.00
002095402026030180300000000030.00
002233512026030180300000000030.00
001321422026030180300000000030.00
001637492026030180300000000030.00
002307452026030180300000000030.00
002074362026030180300000000030.00
001322692026030180300000000030.00
001323062026030180300000000030.00
002038882026030180300000000030.00
002109152026030180300000000030.00
002035252026030180300000000030.00
002126222026030180300000000030.00
002203352026030180300000000030.00
002274492026030180300000000030.00
001635772026030180300000000030.00
001511432026030180300000000030.00
001483642026030180300000000030.00
002176242026030180300000000030.00
002300632026030180300000000030.00
001663622026030180300000000030.00
001325042026030180300000000030.00
002071492026030180300000000030.00
002350182026030180300000000030.00
001602702026030180300000000030.00
002215972026030180300000000030.00
001657502026030180300000000030.00
002177642026030180300000000030.00
002111212026030180300000000030.00
002227492026030180300000000030.00
002278712026030180300000000030.00
001326202026030180300000000030.00
002071562026030180300000000030.00
001326352026030180300000000030.00
001327022026030180300000000030.00
001327462026030180300000000030.00
002079662026030180300000000030.00
002248892026030180300000000030.00
002330492026030180300000000030.00
001328082026030180300000000030.00
002218952026030180300000000030.00
002229752026030180300000000030.00
001328882026030180300000000030.00
002235242026030180300000000030.00
001329252026030180300000000030.00
002195602026030180300000000030.00
001329542026030180300000000030.00
002335782026030180300000000030.00
002335852026030180300000000030.00
002101532026030180300000000030.00
002068552026030180300000000030.00
001330452026030180300000000030.00
002156682026030180300000000030.00
002307232026030180300000000030.00
002123042026030180300000000030.00
002213552026030180300000000030.00
002198812026030180300000000030.00
002337902026030180300000000030.00
002202732026030180300000000030.00
001331432026030180300000000030.00
001637012026030180300000000030.00
002269082026030180300000000030.00
001331902026030180300000000030.00
002206352026030180300000000030.00
002088052026030180300000000030.00
001331822026030180300000000030.00
001465762026030180300000000030.00
002252712026030180300000000030.00
001332672026030180300000000030.00
002111092026030180300000000030.00
001333262026030180300000000030.00
002306892026030180300000000030.00
001333892026030180300000000030.00
002309232026030180300000000030.00
002285932026030180300000000030.00
002238672026030180300000000030.00
001334302026030180300000000030.00
001334202026030180300000000030.00
001615592026030180300000000030.00
001670322026030180300000000030.00
001334662026030180300000000030.00
001334512026030180300000000030.00
002210892026030180300000000030.00
002261222026030180300000000030.00
001335372026030180300000000030.00
002138222026030180300000000030.00
002100662026030180300000000030.00
001612012026030180300000000030.00
002338132026030180300000000030.00
001335972026030180300000000030.00
002187312026030180300000000030.00
001335962026030180300000000030.00
002291772026030180300000000030.00
002236512026030180300000000030.00
002235252026030180300000000030.00
002186052026030180300000000030.00
001336942026030180300000000030.00
001657392026030180300000000030.00
001336982026030180300000000030.00
001337362026030180300000000030.00
002148242026030180300000000030.00
002199302026030180300000000030.00
001338282026030180300000000030.00
001338312026030180300000000030.00
001338242026030180300000000030.00
002285822026030180300000000030.00
001339212026030180300000000030.00
002285642026030180300000000030.00
002271652026030180300000000030.00
001649832026030180300000000030.00
001339442026030180300000000030.00
002080932026030180300000000030.00
002135642026030180300000000030.00
001339842026030180300000000030.00
001339822026030180300000000030.00
002272352026030180300000000030.00
001340512026030180300000000030.00
002203322026030180300000000030.00
002198042026030180300000000030.00
001113702026030180300000000030.00
001341172026030180300000000030.00
001341192026030180300000000030.00
002322892026030180300000000030.00
002213532026030180300000000030.00
002343712026030180300000000030.00
001660492026030180300000000030.00
001341822026030180300000000030.00
002177072026030180300000000030.00
001657472026030180300000000030.00
002136002026030180300000000030.00
001635262026030180300000000030.00
002287322026030180300000000030.00
001342502026030180300000000030.00
001602502026030180300000000030.00
002101712026030180300000000030.00
002332542026030180300000000030.00
002339952026030180300000000030.00
001343942026030180300000000030.00
001343932026030180300000000030.00
002140762026030180300000000030.00
002338232026030180300000000030.00
001344032026030180300000000030.00
001344612026030180300000000030.00
002063292026030180300000000030.00
001344472026030180300000000030.00
001616122026030180300000000030.00
001344882026030180300000000030.00
002178632026030180300000000030.00
002076872026030180300000000030.00
001345622026030180300000000030.00
001346212026030180300000000030.00
002118792026030180300000000030.00
001346552026030180300000000030.00
001346652026030180300000000030.00
002296022026030180300000000030.00
002081582026030180300000000030.00
002100102026030180300000000030.00
002226782026030180300000000030.00
002197992026030180300000000030.00
002040692026030180300000000030.00
002021492026030180300000000030.00
001347522026030180300000000030.00
001602362026030180300000000030.00
002339592026030180300000000030.00
002222052026030180300000000030.00
001347232026030180300000000030.00
002337652026030180300000000030.00
002080272026030180300000000030.00
002184102026030180300000000030.00
002330522026030180300000000030.00
001189782026030180300000000030.00
001349462026030180300000000030.00
001350352026030180300000000030.00
002229772026030180300000000030.00
001351072026030180300000000030.00
001602762026030180300000000030.00
001351462026030180300000000030.00
002198012026030180300000000030.00
001351532026030180300000000030.00
002324772026030180300000000030.00
001634432026030180300000000030.00
001610712026030180300000000030.00
001351822026030180300000000030.00
002238682026030180300000000030.00
002296002026030180300000000030.00
001608772026030180300000000030.00
002184002026030180300000000030.00
002324582026030180300000000030.00
001352212026030180300000000030.00
002211612026030180300000000030.00
001114252026030180300000000030.00
001632132026030180300000000030.00
001616782026030180300000000030.00
002074712026030180300000000030.00
002193162026030180300000000030.00
002370892026030180300000000030.00
002227142026030180300000000030.00
002329462026030180300000000030.00
002305362026030180300000000030.00
002202662026030180300000000030.00
002175792026030180300000000030.00
002111052026030180300000000030.00
002334062026030180300000000030.00
002053062026030180300000000030.00
002333302026030180300000000030.00
001355192026030180300000000030.00
001355132026030180300000000030.00
002318622026030180300000000030.00
002207102026030180300000000030.00
002321832026030180300000000030.00
002301432026030180300000000030.00
001356402026030180300000000030.00
001356332026030180300000000030.00
001511142026030180300000000030.00
002243282026030180300000000030.00
002315652026030180300000000030.00
001356542026030180300000000030.00
001356832026030180300000000030.00
001356902026030180300000000030.00
001356882026030180300000000030.00
001655432026030180300000000030.00
002034292026030180300000000030.00
001357552026030180300000000030.00
001357982026030180300000000030.00
002016052026030180300000000030.00
001358732026030180300000000030.00
001358722026030180300000000030.00
002179592026030180300000000030.00
002334902026030180300000000030.00
002321232026030180300000000030.00
001359212026030180300000000030.00
001629622026030180300000000030.00
002197982026030180300000000030.00
001661622026030180300000000030.00
002250682026030180300000000030.00
002305292026030180300000000030.00
002243202026030180300000000030.00
002191102026030180300000000030.00
002101282026030180300000000030.00
002210422026030180300000000030.00
002236162026030180300000000030.00
002229822026030180300000000030.00
001361252026030180300000000030.00
001361232026030180300000000030.00
001608142026030180300000000030.00
002171822026030180300000000030.00
002226292026030180300000000030.00
002134232026030180300000000030.00
002306352026030180300000000030.00
002165052026030180300000000030.00
001668402026030180300000000030.00
001633962026030180300000000030.00
001663362026030180300000000030.00
002101222026030180300000000030.00
002050832026030180300000000030.00
002015812026030180300000000030.00
001364352026030180300000000030.00
001363782026030180300000000030.00
001663332026030180300000000030.00
002137452026030180300000000030.00
002218782026030180300000000030.00
002225162026030180300000000030.00
002140722026030180300000000030.00
002339412026030180300000000030.00
001634442026030180300000000030.00
001609292026030180300000000030.00
001634072026030180300000000030.00
002221732026030180300000000030.00
002278792026030180300000000030.00
001365052026030180300000000030.00
001365042026030180300000000030.00
002045772026030180300000000030.00
002081172026030180300000000030.00
001636462026030180300000000030.00
001650342026030180300000000030.00
002049962026030180300000000030.00
001637442026030180300000000030.00
001365632026030180300000000030.00
002227322026030180300000000030.00
002208802026030180300000000030.00
001366102026030180300000000030.00
001366012026030180300000000030.00
002094262026030180300000000030.00
002067862026030180300000000030.00
001661042026030180300000000030.00
002339942026030180300000000030.00
002116202026030180300000000030.00
002341612026030180300000000030.00
002203342026030180300000000030.00
002251962026030180300000000030.00
001366982026030180300000000030.00
002229802026030180300000000030.00
002268682026030180300000000030.00
002235192026030180300000000030.00
001367972026030180300000000030.00
001368012026030180300000000030.00
002184092026030180300000000030.00
002225052026030180300000000030.00
002163102026030180300000000030.00
002213952026030180300000000030.00
002211642026030180300000000030.00
002236022026030180300000000030.00
002348622026030180300000000030.00
001368962026030180300000000030.00
002305272026030180300000000030.00
001369012026030180300000000030.00
001369212026030180300000000030.00
001369192026030180300000000030.00
001369182026030180300000000030.00
002293872026030180300000000030.00
002013942026030180300000000030.00
001608962026030180300000000030.00
002177142026030180300000000030.00
001369522026030180300000000030.00
002213642026030180300000000030.00
001369862026030180300000000030.00
001370042026030180300000000030.00
001628412026030180300000000030.00
001369842026030180300000000030.00
001370912026030180300000000030.00
002213432026030180300000000030.00
001370962026030180300000000030.00
002191512026030180300000000030.00
002215402026030180300000000030.00
002242662026030180300000000030.00
002325992026030180300000000030.00
002193152026030180300000000030.00
002311852026030180300000000030.00
001657412026030180300000000030.00
001371662026030180300000000030.00
002229832026030180300000000030.00
002225072026030180300000000030.00
001372312026030180300000000030.00
001633172026030180300000000030.00
002090102026030180300000000030.00
001373852026030180300000000030.00
002369812026030180300000000030.00
001373712026030180300000000030.00
001373842026030180300000000030.00
001373672026030180300000000030.00
001373742026030180300000000030.00
001510482026030180300000000030.00
002235132026030180300000000030.00
002274362026030180300000000030.00
002177242026030180300000000030.00
002334752026030180300000000030.00
002082522026030180300000000030.00
002225092026030180300000000030.00
001375922026030180300000000030.00
002067612026030180300000000030.00
001376622026030180300000000030.00
002121282026030180300000000030.00
002327562026030180300000000030.00
002079512026030180300000000030.00
001377472026030180300000000030.00
001636472026030180300000000030.00
002206722026030180300000000030.00
002232552026030180300000000030.00
002316852026030180300000000030.00
002320552026030180300000000030.00
001378042026030180300000000030.00
002329682026030180300000000030.00
002331562026030180300000000030.00
001652002026030180300000000030.00
002165092026030180300000000030.00
002271662026030180300000000030.00
002284822026030180300000000030.00
001379382026030180300000000030.00
001480922026030180300000000030.00
002236772026030180300000000030.00
001650052026030180300000000030.00
002274382026030180300000000030.00
002311292026030180300000000030.00
002075442026030180300000000030.00
002321112026030180300000000030.00
001630712026030180300000000030.00
002332882026030180300000000030.00
001383592026030180300000000030.00
001383632026030180300000000030.00
001384252026030180300000000030.00
002318362026030180300000000030.00
002222832026030180300000000030.00
002197902026030180300000000030.00
002013682026030180300000000030.00
002206172026030180300000000030.00
002273922026030180300000000030.00
002198802026030180300000000030.00
002224402026030180300000000030.00
002204922026030180300000000030.00
002127962026030180300000000030.00
001189322026030180300000000030.00
002012912026030180300000000030.00
002342762026030180300000000030.00
001386312026030180300000000030.00
002325412026030180300000000030.00
002287412026030180300000000030.00
002263042026030180300000000030.00
002240552026030180300000000030.00
002291812026030180300000000030.00
002223362026030180300000000030.00
002082622026030180300000000030.00
002243222026030180300000000030.00
002367172026030180300000000030.00
002288342026030180300000000030.00
002223302026030180300000000030.00
002213612026030180300000000030.00
002101292026030180300000000030.00
001388972026030180300000000030.00
002367202026030180300000000030.00
002234062026030180300000000030.00
002335832026030180300000000030.00
001389502026030180300000000030.00
001389482026030180300000000030.00
001185272026030180300000000030.00
001390152026030180300000000030.00
001390142026030180300000000030.00
001637432026030180300000000030.00
002225042026030180300000000030.00
002225102026030180300000000030.00
001392072026030180300000000030.00
002225112026030180300000000030.00
002198762026030180300000000030.00
001510832026030180300000000030.00
002222362026030180300000000030.00
001189262026030180300000000030.00
002121382026030180300000000030.00
001393202026030180300000000030.00
002255502026030180300000000030.00
002242302026030180300000000030.00
002167692026030180300000000030.00
001664842026030180300000000030.00
002264262026030180300000000030.00
002343562026030180300000000030.00
002339972026030180300000000030.00
002339442026030180300000000030.00
001394492026030180300000000030.00
001394612026030180300000000030.00
001394282026030180300000000030.00
001395242026030180300000000030.00
001395722026030180300000000030.00
002273972026030180300000000030.00
002150302026030180300000000030.00
002309002026030180300000000030.00
002211992026030180300000000030.00
001396912026030180300000000030.00
002176222026030180300000000030.00
002075132026030180300000000030.00
001397292026030180300000000030.00
001478482026030180300000000030.00
002177622026030180300000000030.00
001600312026030180300000000030.00
002304872026030180300000000030.00
001397622026030180300000000030.00
002326212026030180300000000030.00
001397532026030180300000000030.00
001397602026030180300000000030.00
002273962026030180300000000030.00
002285882026030180300000000030.00
001398342026030180300000000030.00
002215962026030180300000000030.00
001398522026030180300000000030.00
002075722026030180300000000030.00
001398862026030180300000000030.00
002111172026030180300000000030.00
002082002026030180300000000030.00
001399132026030180300000000030.00
002242932026030180300000000030.00
002156162026030180300000000030.00
002304952026030180300000000030.00
002340082026030180300000000030.00
002088572026030180300000000030.00
001658722026030180300000000030.00
002248372026030180300000000030.00
002204862026030180300000000030.00
001402082026030180300000000030.00
001402122026030180300000000030.00
002224992026030180300000000030.00
002305322026030180300000000030.00
002354292026030180300000000030.00
001411262026030180300000000030.00
002223422026030180300000000030.00
002334192026030180300000000030.00
001411622026030180300000000030.00
002245632026030180300000000030.00
002293652026030180300000000030.00
001412252026030180300000000030.00
001412212026030180300000000030.00
001412452026030180300000000030.00
002266912026030180300000000030.00
001412582026030180300000000030.00
001412712026030180300000000030.00
002342722026030180300000000030.00
002074022026030180300000000030.00
002230112026030180300000000030.00
001413642026030180300000000030.00
002291282026030180300000000030.00
002031752026030180300000000030.00
002240502026030180300000000030.00
002301082026030180300000000030.00
002225362026030180300000000030.00
002330992026030180300000000030.00
002235232026030180300000000030.00
002126592026030180300000000030.00
002230782026030180300000000030.00
001602462026030180300000000030.00
001416652026030180300000000030.00
001416362026030180300000000030.00
001416562026030180300000000030.00
001416492026030180300000000030.00
001416422026030180300000000030.00
001661512026030180300000000030.00
001416602026030180300000000030.00
001416542026030180300000000030.00
002223122026030180300000000030.00
002337372026030180300000000030.00
002192462026030180300000000030.00
001633372026030180300000000030.00
001663602026030180300000000030.00
002164362026030180300000000030.00
002262712026030180300000000030.00
001417462026030180300000000030.00
002219942026030180300000000030.00
001654372026030180300000000030.00
002031762026030180300000000030.00
001633182026030180300000000030.00
002112132026030180300000000030.00
001418532026030180300000000030.00
001418512026030180300000000030.00
001418442026030180300000000030.00
001418482026030180300000000030.00
002278362026030180300000000030.00
002337942026030180300000000030.00
001615552026030180300000000030.00
002242322026030180300000000030.00
002083192026030180300000000030.00
002333232026030180300000000030.00
002180752026030180300000000030.00
002229292026030180300000000030.00
001419212026030180300000000030.00
001419422026030180300000000030.00
002119462026030180300000000030.00
002073632026030180300000000030.00
002319262026030180300000000030.00
002091392026030180300000000030.00
002252282026030180300000000030.00
002256432026030180300000000030.00
002333912026030180300000000030.00
001661092026030180300000000030.00
001420402026030180300000000030.00
001421522026030180300000000030.00
002234622026030180300000000030.00
002218792026030180300000000030.00
002242972026030180300000000030.00
002339902026030180300000000030.00
002114772026030180300000000030.00
001659902026030180300000000030.00
002240342026030180300000000030.00
002246922026030180300000000030.00
001403322026030180300000000030.00
002211632026030180300000000030.00
001403922026030180300000000030.00
002307072026030180300000000030.00
002200262026030180300000000030.00
002192762026030180300000000030.00
001404232026030180300000000030.00
002326682026030180300000000030.00
002351812026030180300000000030.00
002202712026030180300000000030.00
002082732026030180300000000030.00
002094102026030180300000000030.00
001511492026030180300000000030.00
001405372026030180300000000030.00
001405402026030180300000000030.00
001624762026030180300000000030.00
002328082026030180300000000030.00
001405892026030180300000000030.00
001405952026030180300000000030.00
002238532026030180300000000030.00
001406512026030180300000000030.00
002240532026030180300000000030.00
002231122026030180300000000030.00
002222642026030180300000000030.00
002223062026030180300000000030.00
002126162026030180300000000030.00
002296202026030180300000000030.00
002140662026030180300000000030.00
001657442026030180300000000030.00
002089702026030180300000000030.00
001407782026030180300000000030.00
002321722026030180300000000030.00
002245522026030180300000000030.00
002179402026030180300000000030.00
002351892026030180300000000030.00
001408632026030180300000000030.00
002304862026030180300000000030.00
001408812026030180300000000030.00
002135632026030180300000000030.00
002243192026030180300000000030.00
002202682026030180300000000030.00
002014072026030180300000000030.00
002167732026030180300000000030.00
001423222026030180300000000030.00
002083522026030180300000000030.00
001423582026030180300000000030.00
001423802026030180300000000030.00
001424192026030180300000000030.00
002369582026030180300000000030.00
002263062026030180300000000030.00
001621882026030180300000000030.00
001655172026030180300000000030.00
001424842026030180300000000030.00
001425132026030180300000000030.00
001425082026030180300000000030.00
001425372026030180300000000030.00
002049662026030180300000000030.00
001426132026030180300000000030.00
001426042026030180300000000030.00
002082502026030180300000000030.00
001426082026030180300000000030.00
002184082026030180300000000030.00
002246562026030180300000000030.00
002229312026030180300000000030.00
002069402026030180300000000030.00
001426262026030180300000000030.00
002196362026030180300000000030.00
002195472026030180300000000030.00
002151312026030180300000000030.00
002244582026030180300000000030.00
001426802026030180300000000030.00
002207012026030180300000000030.00
002310972026030180300000000030.00
002332852026030180300000000030.00
002262462026030180300000000030.00
002318152026030180300000000030.00
002329362026030180300000000030.00
002031622026030180300000000030.00
002104272026030180300000000030.00
001428482026030180300000000030.00
001650492026030180300000000030.00
001428642026030180300000000030.00
001497182026030180300000000030.00
001663352026030180300000000030.00
001428632026030180300000000030.00
002297932026030180300000000030.00
002337752026030180300000000030.00
002242312026030180300000000030.00
002244762026030180300000000030.00
002319312026030180300000000030.00
002138102026030180300000000030.00
001430032026030180300000000030.00
002287142026030180300000000030.00
002272362026030180300000000030.00
001647072026030180300000000030.00
001603262026030180300000000030.00
002080062026030180300000000030.00
002194062026030180300000000030.00
002248412026030180300000000030.00
001430602026030180300000000030.00
001430992026030180300000000030.00
001431042026030180300000000030.00
002304292026030180300000000030.00
002048992026030180300000000030.00
001431442026030180300000000030.00
002076492026030180300000000030.00
002247082026030180300000000030.00
001432382026030180300000000030.00
001432662026030180300000000030.00
002246162026030180300000000030.00
002204272026030180300000000030.00
002213562026030180300000000030.00
001632152026030180300000000030.00
002111042026030180300000000030.00
002116052026030180300000000030.00
001629642026030180300000000030.00
001433912026030180300000000030.00
001660992026030180300000000030.00
002011082026030180300000000030.00
002362382026030180300000000030.00
002030312026030180300000000030.00
001435012026030180300000000030.00
001657422026030180300000000030.00
002264312026030180300000000030.00
002313922026030180300000000030.00
001435542026030180300000000030.00
001435882026030180300000000030.00
002009122026030180300000000030.00
002328292026030180300000000030.00
001436482026030180300000000030.00
002085722026030180300000000030.00
002103432026030180300000000030.00
001436822026030180300000000030.00
002121362026030180300000000030.00
002248582026030180300000000030.00
002337172026030180300000000030.00
002188942026030180300000000030.00
002198832026030180300000000030.00
002254982026030180300000000030.00
001437772026030180300000000030.00
001438572026030180300000000030.00
002066512026030180300000000030.00
002241792026030180300000000030.00
002202652026030180300000000030.00
001439432026030180300000000030.00
002226212026030180300000000030.00
002115132026030180300000000030.00
001439782026030180300000000030.00
001611052026030180300000000030.00
002221492026030180300000000030.00
001440382026030180300000000030.00
002163092026030180300000000030.00
001188542026030180300000000030.00
002239782026030180300000000030.00
001441192026030180300000000030.00
002199362026030180300000000030.00
002165492026030180300000000030.00
002197062026030180300000000030.00
002135942026030180300000000030.00
002078282026030180300000000030.00
001441802026030180300000000030.00
002367092026030180300000000030.00
002224462026030180300000000030.00
001442352026030180300000000030.00
001442362026030180300000000030.00
001442332026030180300000000030.00
001442392026030180300000000030.00
001624752026030180300000000030.00
001180682026030180300000000030.00
002349122026030180300000000030.00
002140712026030180300000000030.00
002102462026030180300000000030.00
002052982026030180300000000030.00
001443272026030180300000000030.00
001480912026030180300000000030.00
001443692026030180300000000030.00
001443512026030180300000000030.00
001443562026030180300000000030.00
002199842026030180300000000030.00
002165502026030180300000000030.00
002250972026030180300000000030.00
002369592026030180300000000030.00
002319732026030180300000000030.00
001661012026030180300000000030.00
002125582026030180300000000030.00
001629612026030180300000000030.00
001445172026030180300000000030.00
002259762026030180300000000030.00
002315472026030180300000000030.00
002274772026030180300000000030.00
002247812026030180300000000030.00
002222352026030180300000000030.00
002283822026030180300000000030.00
002324762026030180300000000030.00
002212512026030180300000000030.00
001446802026030180300000000030.00
001446882026030180300000000030.00
001661542026030180300000000030.00
002013412026030180300000000030.00
002058612026030180300000000030.00
001447372026030180300000000030.00
001447892026030180300000000030.00
001448092026030180300000000030.00
001448732026030180300000000030.00
002025072026030180300000000030.00
002084172026030180300000000030.00
002084032026030180300000000030.00
002207622026030180300000000030.00
002233892026030180300000000030.00
001635302026030180300000000030.00
002262232026030180300000000030.00
002171782026030180300000000030.00
002101552026030180300000000030.00
002215412026030180300000000030.00
001450232026030180300000000030.00
002109222026030180300000000030.00
001450202026030180300000000030.00
002219362026030180300000000030.00
002244622026030180300000000030.00
001451272026030180300000000030.00
002238552026030180300000000030.00
001451352026030180300000000030.00
001451282026030180300000000030.00
001511462026030180300000000030.00
002332602026030180300000000030.00
002326192026030180300000000030.00
001616132026030180300000000030.00
001452582026030180300000000030.00
001452722026030180300000000030.00
001452742026030180300000000030.00
002250902026030180300000000030.00
002325782026030180300000000030.00
001453212026030180300000000030.00
002306172026030180300000000030.00
001632162026030180300000000030.00
001453552026030180300000000030.00
002195332026030180300000000030.00
002228092026030180300000000030.00
002152442026030180300000000030.00
002188812026030180300000000030.00
002226302026030180300000000030.00
002093972026030180300000000030.00
002013062026030180300000000030.00
002257362026030180300000000030.00
002213592026030180300000000030.00
002229792026030180300000000030.00
001456212026030180300000000030.00
002179652026030180300000000030.00
002118802026030180300000000030.00
002306572026030180300000000030.00
002303372026030180300000000030.00
002213492026030180300000000030.00
001457142026030180300000000030.00
002172352026030180300000000030.00
001457722026030180300000000030.00
002260292026030180300000000030.00
002321252026030180300000000030.00
002071502026030180300000000030.00
001457712026030180300000000030.00
002307442026030180300000000030.00
001458382026030180300000000030.00
002215382026030180300000000030.00
002369832026030180300000000030.00
002048582026030180300000000030.00
002202632026030180300000000030.00
002090812026030180300000000030.00
002223672026030180300000000030.00
002221242026030180300000000030.00
002301952026030180300000000030.00
002337392026030180300000000030.00
001654382026030180300000000030.00
001461332026030180300000000030.00
002319072026030180300000000030.00
001657492026030180300000000030.00
002058582026030180300000000030.00
002140692026030180300000000030.00
002015832026030180300000000030.00
001461892026030180300000000030.00
002243292026030180300000000030.00
END20260404085833_1586_0000047580.00